,effect_proc_improve,effect_average,it_org_any,ai_use,ai_use_sum,it_invest_sum,firm_size
effect_proc_improve,1.0,0.725,0.171,0.128,0.129,0.291,0.169
effect_average,0.725,1.0,0.266,0.159,0.161,0.406,0.204
it_org_any,0.171,0.266,1.0,0.126,0.119,0.492,0.263
ai_use,0.128,0.159,0.126,1.0,0.823,0.407,0.314
ai_use_sum,0.129,0.161,0.119,0.823,1.0,0.4,0.283
it_invest_sum,0.291,0.406,0.492,0.407,0.4,1.0,0.382
firm_size,0.169,0.204,0.263,0.314,0.283,0.382,1.0
