,effect_proc_improve,effect_average,it_org_any,ai_use,ai_use_sum,it_invest_sum,firm_size
effect_proc_improve,1.0,0.705,0.171,0.132,0.135,0.285,0.172
effect_average,0.705,1.0,0.268,0.145,0.143,0.386,0.191
it_org_any,0.171,0.268,1.0,0.126,0.122,0.5,0.257
ai_use,0.132,0.145,0.126,1.0,0.959,0.399,0.305
ai_use_sum,0.135,0.143,0.122,0.959,1.0,0.39,0.297
it_invest_sum,0.285,0.386,0.5,0.399,0.39,1.0,0.362
firm_size,0.172,0.191,0.257,0.305,0.297,0.362,1.0
